./thien_data/IMG/57267564_459118238166279_5218016773625872384_n.jpg 284 284 590 780 2
./thien_data/IMG/59157561_2270110493317098_3831876994363031552_n.jpg 234 191 577 874 2
./thien_data/IMG/59163303_342022659783313_320421233344643072_n.jpg 390 301 651 758 2
./thien_data/IMG/59183053_313464912883470_9115252041973760000_n.jpg 207 153 552 814 2
./thien_data/IMG/59211499_378414266105515_7638113158522994688_n.jpg 168 327 516 959 2
./thien_data/IMG/59347640_2735140953194536_921350822355271680_n.jpg 294 318 623 936 2
./thien_data/IMG/59418996_440609593340821_2435175121720180736_n.jpg 323 421 643 806 2
./thien_data/IMG/59457023_902742410065208_5543396327670415360_n.jpg 348 307 643 769 2
./thien_data/IMG/59463014_2160726457346557_2729551179460640768_n.jpg 417 379 648 819 2
./thien_data/IMG/59519910_345904719397338_5270313283264446464_n.jpg 56 240 506 829 2
./thien_data/IMG/59523644_2185860995057668_7449076422166970368_n.jpg 203 158 507 838 2
./thien_data/IMG/59538579_358911174757507_5125354675280805888_n.jpg 336 301 635 874 2
./thien_data/IMG/59817455_2255751734648855_8496912845978468352_n.jpg 400 268 681 868 2
./thien_data/IMG/59930327_358597691452234_3342566007578296320_n.jpg 350 520 617 1113 2
